227
227
227
157
157
157
75
75
75
14
14
14
2
2
2
43
43
43
120
120
120
199
199
199
248
248
248
246
246
246
192
192
192
111
111
111
37
37
37
1
1
1
19
19
19
83
83
83
165
165
165
232
232
232
254
254
254
222
222
222
149
149
149
67
67
67
11
11
11
4
4
4
49
49
49
128
128
128
206
206
206
251
251
251
242
242
242
185
185
185
103
103
103
31
31
31
0
0
0
23
23
23
91
91
91
173
173
173
236
236
236
253
253
253
216
216
216
141
141
141
60
60
60
8
8
8
6
6
6
56
56
56
136
136
136
213
213
213
252
252
252
239
239
239
177
177
177
95
95
95
26
26
26
0
0
0
28
28
28
99
99
99
181
181
181
240
240
240
251
251
251
209
209
209
132
132
132
53
53
53
5
5
5
9
9
9
63
63
63
145
145
145
219
219
219
253
253
253
234
234
234
169
169
169
87
87
87
21
21
21
0
0
0
34
34
34
107
107
107
189
189
189
244
244
244
250
250
250
203
203
203
124
124
124
46
46
46
3
3
3
13
13
13
71
71
71
153
153
153
224
224
224
254
254
254
229
229
229
161
161
161
79
79
79
16
16
16
1
1
1
40
40
40
115
115
115
196
196
196
247
247
247
247
247
247
196
196
196
115
115
115
40
40
40
1
1
1
16
16
16
79
79
79
161
161
161
229
229
229
254
254
254
224
224
224
153
153
153
71
71
71
13
13
13
3
3
3
46
46
46
124
124
124
203
203
203
250
250
250
244
244
244
189
189
189
107
107
107
34
34
34
0
0
0
21
21
21
87
87
87
169
169
169
234
234
234
253
253
253
219
219
219
145
145
145
64
64
64
9
9
9
5
5
5
53
53
53
132
132
132
209
209
209
251
251
251
240
240
240
181
181
181
99
99
99
28
28
28
0
0
0
26
26
26
95
95
95
177
177
177
239
239
239
252
252
252
213
213
213
136
136
136
56
56
56
6
6
6
8
8
8
60
60
60
141
141
141
216
216
216
253
253
253
236
236
236
173
173
173
91
91
91
23
23
23
0
0
0
31
31
31
103
103
103
185
185
185
242
242
242
251
251
251
206
206
206
128
128
128
49
49
49
4
4
4
11
11
11
67
67
67
149
149
149
222
222
222
254
254
254
232
232
232
165
165
165
83
83
83
19
19
19
1
1
1
37
37
37
111
111
111
192
192
192
246
246
246
248
248
248
199
199
199
120
120
120
43
43
43
2
2
2
14
14
14
75
75
75
157
157
157
227
227
227
254
254
254
227
227
227
157
157
157
75
75
75
14
14
14
2
2
2
43
43
43
120
120
120
199
199
199
248
248
248
246
246
246
192
192
192
111
111
111
37
37
37
1
1
1
19
19
19
83
83
83
165
165
165
232
232
232
254
254
254
222
222
222
149
149
149
67
67
67
11
11
11
4
4
4
49
49
49
128
128
128
206
206
206
251
251
251
242
242
242
185
185
185
103
103
103
31
31
31
0
0
0
23
23
23
91
91
91
173
173
173
236
236
236
253
253
253
216
216
216
141
141
141
60
60
60
8
8
8
6
6
6
56
56
56
136
136
136
213
213
213
252
252
252
239
239
239
177
177
177
95
95
95
26
26
26
0
0
0
28
28
28
99
99
99
181
181
181
240
240
240
251
251
251
209
209
209
132
132
132
53
53
53
5
5
5
9
9
9
63
63
63
145
145
145
219
219
219
253
253
253
234
234
234
169
169
169
87
87
87
21
21
21
0
0
0
34
34
34
107
107
107
189
189
189
244
244
244
250
250
250
203
203
203
124
124
124
46
46
46
3
3
3
13
13
13
71
71
71
153
153
153
224
224
224
254
254
254
229
229
229
161
161
161
79
79
79
16
16
16
1
1
1
40
40
40
115
115
115
196
196
196
247
247
247
247
247
247
196
196
196
115
115
115
40
40
40
1
1
1
16
16
16
79
79
79
161
161
161
229
229
229
254
254
254
224
224
224
153
153
153
71
71
71
13
13
13
3
3
3
46
46
46
124
124
124
203
203
203
250
250
250
244
244
244
189
189
189
107
107
107
34
34
34
0
0
0
21
21
21
87
87
87
169
169
169
234
234
234
253
253
253
219
219
219
145
145
145
64
64
64
9
9
9
5
5
5
53
53
53
132
132
132
209
209
209
251
251
251
240
240
240
181
181
181
99
99
99
28
28
28
0
0
0
26
26
26
95
95
95
177
177
177
239
239
239
252
252
252
213
213
213
136
136
136
56
56
56
6
6
6
8
8
8
60
60
60
141
141
141
216
216
216
253
253
253
236
236
236
173
173
173
91
91
91
23
23
23
0
0
0
31
31
31
103
103
103
185
185
185
242
242
242
251
251
251
206
206
206
128
128
128
49
49
49
4
4
4
11
11
11
67
67
67
149
149
149
222
222
222
254
254
254
232
232
232
165
165
165
83
83
83
19
19
19
1
1
1
37
37
37
111
111
111
192
192
192
246
246
246
248
248
248
199
199
199
120
120
120
43
43
43
2
2
2
14
14
14
75
75
75
157
157
157
227
227
227
254
254
254
227
227
227
157
157
157
75
75
75
14
14
14
2
2
2
43
43
43
120
120
120
199
199
199
248
248
248
246
246
246
192
192
192
111
111
111
37
37
37
1
1
1
19
19
19
83
83
83
165
165
165
232
232
232
254
254
254
222
222
222
149
149
149
67
67
67
11
11
11
4
4
4
49
49
49
128
128
128
206
206
206
251
251
251
242
242
242
185
185
185
103
103
103
31
31
31
0
0
0
23
23
23
91
91
91
173
173
173
236
236
236
253
253
253
216
216
216
141
141
141
60
60
60
8
8
8
6
6
6
56
56
56
136
136
136
213
213
213
252
252
252
239
239
239
177
177
177
95
95
95
26
26
26
0
0
0
28
28
28
99
99
99
181
181
181
240
240
240
251
251
251
209
209
209
132
132
132
53
53
53
5
5
5
9
9
9
63
63
63
145
145
145
219
219
219
253
253
253
234
234
234
169
169
169
87
87
87
21
21
21
0
0
0
34
34
34
107
107
107
189
189
189
244
244
244
250
250
250
203
203
203
124
124
124
46
46
46
3
3
3
13
13
13
71
71
71
153
153
153
224
224
224
254
254
254
229
229
229
161
161
161
79
79
79
16
16
16
1
1
1
40
40
40
115
115
115
196
196
196
247
247
247
247
247
247
196
196
196
115
115
115
40
40
40
1
1
1
16
16
16
79
79
79
161
161
161
229
229
229
254
254
254
224
224
224
153
153
153
71
71
71
13
13
13
3
3
3
46
46
46
124
124
124
203
203
203
250
250
250
244
244
244
189
189
189
107
107
107
34
34
34
0
0
0
21
21
21
87
87
87
169
169
169
234
234
234
253
253
253
219
219
219
145
145
145
64
64
64
9
9
9
5
5
5
53
53
53
132
132
132
209
209
209
251
251
251
240
240
240
181
181
181
99
99
99
28
28
28
0
0
0
26
26
26
95
95
95
177
177
177
239
239
239
252
252
252
213
213
213
136
136
136
56
56
56
6
6
6
8
8
8
60
60
60
141
141
141
216
216
216
253
253
253
236
236
236
173
173
173
91
91
91
23
23
23
0
0
0
31
31
31
103
103
103
185
185
185
242
242
242
251
251
251
206
206
206
128
128
128
49
49
49
4
4
4
11
11
11
67
67
67
149
149
149
222
222
222
254
254
254
232
232
232
165
165
165
83
83
83
19
19
19
1
1
1
37
37
37
111
111
111
192
192
192
246
246
246
248
248
248
199
199
199
120
120
120
43
43
43
2
2
2
14
14
14
75
75
75
157
157
157
227
227
227
254
254
254
227
227
227
157
157
157
75
75
75
14
14
14
2
2
2
43
43
43
120
120
120
199
199
199
248
248
248
246
246
246
192
192
192
111
111
111
37
37
37
1
1
1
19
19
19
83
83
83
165
165
165
232
232
232
254
254
254
222
222
222
149
149
149
67
67
67
11
11
11
4
4
4
49
49
49
128
128
128
206
206
206
251
251
251
242
242
242
185
185
185
103
103
103
31
31
31
0
0
0
23
23
23
91
91
91
173
173
173
236
236
236
253
253
253
216
216
216
141
141
141
60
60
60
8
8
8
6
6
6
56
56
56
136
136
136
213
213
213
252
252
252
239
239
239
177
177
177
95
95
95
26
26
26
0
0
0
28
28
28
99
99
99
181
181
181
240
240
240
251
251
251
209
209
209
132
132
132
53
53
53
5
5
5
9
9
9
63
63
63
145
145
145
219
219
219
253
253
253
234
234
234
169
169
169
87
87
87
21
21
21
0
0
0
34
34
34
107
107
107

