231
231
231
171
171
171
96
96
96
31
31
31
1
1
1
16
16
16
70
70
70
145
145
145
214
214
214
251
251
251
244
244
244
195
195
195
122
122
122
51
51
51
6
6
6
5
5
5
48
48
48
118
118
118
192
192
192
243
243
243
252
252
252
216
216
216
149
149
149
74
74
74
17
17
17
0
0
0
28
28
28
92
92
92
168
168
168
229
229
229
254
254
254
233
233
233
175
175
175
99
99
99
34
34
34
1
1
1
14
14
14
67
67
67
141
141
141
211
211
211
250
250
250
246
246
246
199
199
199
126
126
126
54
54
54
8
8
8
4
4
4
45
45
45
114
114
114
189
189
189
241
241
241
253
253
253
219
219
219
153
153
153
77
77
77
20
20
20
0
0
0
26
26
26
88
88
88
164
164
164
227
227
227
254
254
254
236
236
236
178
178
178
103
103
103
36
36
36
2
2
2
12
12
12
64
64
64
138
138
138
208
208
208
249
249
249
247
247
247
202
202
202
130
130
130
57
57
57
9
9
9
3
3
3
42
42
42
111
111
111
185
185
185
239
239
239
253
253
253
222
222
222
157
157
157
81
81
81
22
22
22
0
0
0
24
24
24
84
84
84
160
160
160
224
224
224
253
253
253
237
237
237
182
182
182
107
107
107
39
39
39
2
2
2
11
11
11
60
60
60
134
134
134
205
205
205
248
248
248
248
248
248
205
205
205
134
134
134
60
60
60
11
11
11
2
2
2
39
39
39
107
107
107
182
182
182
237
237
237
253
253
253
224
224
224
160
160
160
84
84
84
24
24
24
0
0
0
22
22
22
81
81
81
157
157
157
222
222
222
253
253
253
239
239
239
185
185
185
111
111
111
42
42
42
3
3
3
9
9
9
57
57
57
130
130
130
202
202
202
247
247
247
249
249
249
208
208
208
138
138
138
63
63
63
12
12
12
2
2
2
36
36
36
103
103
103
178
178
178
236
236
236
254
254
254
227
227
227
164
164
164
88
88
88
26
26
26
0
0
0
20
20
20
77
77
77
153
153
153
219
219
219
253
253
253
241
241
241
189
189
189
114
114
114
45
45
45
4
4
4
8
8
8
54
54
54
126
126
126
199
199
199
246
246
246
250
250
250
211
211
211
141
141
141
67
67
67
14
14
14
1
1
1
34
34
34
99
99
99
175
175
175
233
233
233
254
254
254
229
229
229
168
168
168
92
92
92
28
28
28
0
0
0
17
17
17
74
74
74
149
149
149
216
216
216
252
252
252
243
243
243
192
192
192
118
118
118
48
48
48
5
5
5
6
6
6
51
51
51
122
122
122
195
195
195
244
244
244
251
251
251
214
214
214
145
145
145
70
70
70
16
16
16
1
1
1
31
31
31
96
96
96
171
171
171
231
231
231
254
254
254
231
231
231
171
171
171
96
96
96
31
31
31
1
1
1
16
16
16
70
70
70
145
145
145
214
214
214
251
251
251
244
244
244
195
195
195
122
122
122
51
51
51
6
6
6
5
5
5
48
48
48
118
118
118
192
192
192
243
243
243
252
252
252
216
216
216
149
149
149
74
74
74
17
17
17
0
0
0
28
28
28
92
92
92
168
168
168
229
229
229
254
254
254
233
233
233
175
175
175
99
99
99
34
34
34
1
1
1
14
14
14
67
67
67
141
141
141
211
211
211
250
250
250
246
246
246
199
199
199
126
126
126
54
54
54
8
8
8
4
4
4
45
45
45
114
114
114
189
189
189
241
241
241
253
253
253
219
219
219
153
153
153
77
77
77
20
20
20
0
0
0
26
26
26
88
88
88
164
164
164
227
227
227
254
254
254
236
236
236
178
178
178
103
103
103
36
36
36
2
2
2
12
12
12
64
64
64
138
138
138
208
208
208
249
249
249
247
247
247
202
202
202
130
130
130
57
57
57
9
9
9
3
3
3
42
42
42
111
111
111
185
185
185
239
239
239
253
253
253
222
222
222
157
157
157
81
81
81
22
22
22
0
0
0
24
24
24
84
84
84
160
160
160
224
224
224
253
253
253
237
237
237
182
182
182
107
107
107
39
39
39
2
2
2
11
11
11
60
60
60
134
134
134
205
205
205
248
248
248
248
248
248
205
205
205
134
134
134
60
60
60
11
11
11
2
2
2
39
39
39
107
107
107
182
182
182
237
237
237
253
253
253
224
224
224
160
160
160
84
84
84
24
24
24
0
0
0
22
22
22
81
81
81
157
157
157
222
222
222
253
253
253
239
239
239
185
185
185
111
111
111
42
42
42
3
3
3
9
9
9
57
57
57
130
130
130
202
202
202
247
247
247
249
249
249
208
208
208
138
138
138
63
63
63
12
12
12
2
2
2
36
36
36
103
103
103
178
178
178
236
236
236
254
254
254
227
227
227
164
164
164
88
88
88
26
26
26
0
0
0
20
20
20
77
77
77
153
153
153
219
219
219
253
253
253
241
241
241
189
189
189
114
114
114
45
45
45
4
4
4
8
8
8
54
54
54
126
126
126
199
199
199
246
246
246
250
250
250
211
211
211
141
141
141
67
67
67
14
14
14
1
1
1
34
34
34
99
99
99
175
175
175
233
233
233
254
254
254
229
229
229
168
168
168
92
92
92
28
28
28
0
0
0
17
17
17
74
74
74
149
149
149
216
216
216
252
252
252
243
243
243
192
192
192
118
118
118
48
48
48
5
5
5
6
6
6
51
51
51
122
122
122
195
195
195
244
244
244
251
251
251
214
214
214
145
145
145
70
70
70
16
16
16
1
1
1
31
31
31
96
96
96
171
171
171
231
231
231
254
254
254
231
231
231
171
171
171
96
96
96
31
31
31
1
1
1
16
16
16
70
70
70
145
145
145
214
214
214
251
251
251
244
244
244
195
195
195
122
122
122
51
51
51
6
6
6
5
5
5
48
48
48
118
118
118
192
192
192
243
243
243
252
252
252
216
216
216
149
149
149
74
74
74
17
17
17
0
0
0
28
28
28
92
92
92
168
168
168
229
229
229
254
254
254
233
233
233
175
175
175
99
99
99
34
34
34
1
1
1
14
14
14
67
67
67
141
141
141
211
211
211
250
250
250
246
246
246
199
199
199
126
126
126
54
54
54
8
8
8
4
4
4
45
45
45
114
114
114
189
189
189
241
241
241
253
253
253
219
219
219
153
153
153
77
77
77
20
20
20
0
0
0
26
26
26
88
88
88
164
164
164
227
227
227
254
254
254
236
236
236
178
178
178
103
103
103
36
36
36

